   4.6688869e+03
   4.6687164e+03
   4.6683266e+03
   4.6677026e+03
   4.6668294e+03
   4.6656918e+03
   4.6642749e+03
   4.6625640e+03
   4.6605443e+03
   4.6582018e+03
   4.6555225e+03
   4.6524930e+03
   4.6491005e+03
   4.6453329e+03
   4.6411788e+03
   4.6366278e+03
   4.6316704e+03
   4.6262982e+03
   4.6205040e+03
   4.6142820e+03
   4.6076277e+03
   4.6005382e+03
   4.5930122e+03
   4.5850504e+03
   4.5766550e+03
   4.5678305e+03
   4.5585833e+03
   4.5489221e+03
   4.5388580e+03
   4.5284042e+03
   4.5175766e+03
   4.5063937e+03
   4.4948765e+03
   4.4830489e+03
   4.4709374e+03
   4.4585715e+03
   4.4459834e+03
   4.4332084e+03
   4.4202848e+03
   4.4072536e+03
   4.3941590e+03
   4.3810479e+03
   4.3679704e+03
   4.3549793e+03
   4.3421301e+03
   4.3294814e+03
   4.3170941e+03
   4.3050318e+03
   4.2933606e+03
   4.2821486e+03
   4.2714664e+03
   4.2613862e+03
   4.2519822e+03
   4.2433301e+03
   4.2355067e+03
   4.2285901e+03
   4.2226590e+03
   4.2177929e+03
   4.2140711e+03
   4.2115732e+03
   4.2103780e+03
   4.2105638e+03
   4.2122075e+03
   4.2153846e+03
   4.2201686e+03
   4.2266308e+03
   4.2348396e+03
   4.2448605e+03
   4.2567551e+03
   4.2705812e+03
   4.2863921e+03
   4.3042363e+03
   4.3241568e+03
   4.3461911e+03
   4.3703702e+03
   4.3967188e+03
   4.4252544e+03
   4.4559870e+03
   4.4889191e+03
   4.5240447e+03
   4.5613493e+03
   4.6008095e+03
   4.6423928e+03
   4.6860570e+03
   4.7317502e+03
   4.7794105e+03
   4.8289658e+03
   4.8803334e+03
   4.9334204e+03
   4.9881231e+03
   5.0443269e+03
   5.1019069e+03
   5.1607273e+03
   5.2206416e+03
   5.2814932e+03
   5.3431147e+03
   5.4053291e+03
   5.4679493e+03
   5.5307787e+03
   5.5936117e+03
   5.6562340e+03
   5.7184232e+03
   5.7799490e+03
   5.8405741e+03
   5.9000550e+03
   5.9581421e+03
   6.0145809e+03
   6.0691129e+03
   6.1214758e+03
   6.1714052e+03
   6.2186349e+03
   6.2628980e+03
   6.3039281e+03
   6.3414603e+03
   6.3752319e+03
   6.4049840e+03
   6.4304623e+03
   6.4514184e+03
   6.4676107e+03
   6.4788059e+03
   6.4847800e+03
   6.4853193e+03
   6.4802220e+03
   6.4692989e+03
   6.4523750e+03
   6.4292902e+03
   6.3999006e+03
   6.3640796e+03
   6.3217188e+03
   6.2727295e+03
   6.2170427e+03
   6.1546109e+03
   6.0854085e+03
   6.0094326e+03
   5.9267040e+03
   5.8372674e+03
   5.7411923e+03
   5.6385732e+03
   5.5295304e+03
   5.4142099e+03
   5.2927838e+03
   5.1654503e+03
   5.0324339e+03
   4.8939851e+03
   4.7503803e+03
   4.6019215e+03
   4.4489357e+03
   4.2917748e+03
   4.1308143e+03
   3.9664534e+03
   3.7991131e+03
   3.6292363e+03
   3.4572858e+03
   3.2837438e+03
   3.1091101e+03
   2.9339010e+03
   2.7586478e+03
   2.5838951e+03
   2.4101990e+03
   2.2381256e+03
   2.0682493e+03
   1.9011501e+03
   1.7374128e+03
   1.5776237e+03
   1.4223697e+03
   1.2722351e+03
   1.1278003e+03
   9.8963903e+02
   8.5831631e+02
   7.3438632e+02
   6.1838999e+02
   5.1085290e+02
   4.1228302e+02
   3.2316850e+02
   2.4397560e+02
   1.7514649e+02
   1.1709730e+02
   7.0216069e+01
   3.4860855e+01
   1.1357924e+01
   0.0000000e+00
   1.0446405e+00
   1.4712708e+01
   4.1186967e+01
   8.0610799e+01
   1.3308706e+02
   1.9867705e+02
   2.7739968e+02
   3.6923074e+02
   4.7410232e+02
   5.9190245e+02
   7.2247484e+02
   8.6561883e+02
   1.0210895e+03
   1.1885979e+03
   1.3678115e+03
   1.5583549e+03
   1.7598106e+03
   1.9717199e+03
   2.1935841e+03
   2.4248656e+03
   2.6649898e+03
   2.9133464e+03
   3.1692911e+03
   3.4321478e+03
   3.7012105e+03
   3.9757458e+03
   4.2549945e+03
   4.5381751e+03
   4.8244855e+03
   5.1131059e+03
   5.4032019e+03
   5.6939269e+03
   5.9844252e+03
   6.2738348e+03
   6.5612909e+03
   6.8459281e+03
   7.1268844e+03
   7.4033035e+03
   7.6743383e+03
   7.9391539e+03
   8.1969304e+03
   8.4468662e+03
   8.6881808e+03
   8.9201174e+03
   9.1419464e+03
   9.3529671e+03
   9.5525113e+03
   9.7399451e+03
   9.9146715e+03
   1.0076133e+04
   1.0223812e+04
   1.0357236e+04
   1.0475977e+04
   1.0579651e+04
   1.0667927e+04
   1.0740518e+04
   1.0797190e+04
   1.0837761e+04
   1.0862099e+04
   1.0870126e+04
   1.0861816e+04
   1.0837195e+04
   1.0796343e+04
   1.0739393e+04
   1.0666528e+04
   1.0577983e+04
   1.0474043e+04
   1.0355045e+04
   1.0221370e+04
   1.0073447e+04
   9.9117509e+03
   9.7367991e+03
   9.5491500e+03
   9.3494011e+03
   9.1381870e+03
   8.9161766e+03
   8.6840708e+03
   8.4426002e+03
   8.1925216e+03
   7.9346160e+03
   7.6696855e+03
   7.3985501e+03
   7.1220450e+03
   6.8410175e+03
   6.5563239e+03
   6.2688266e+03
   5.9793907e+03
   5.6888812e+03
   5.3981598e+03
   5.1080822e+03
   4.8194948e+03
   4.5332318e+03
   4.2501127e+03
   3.9709391e+03
   3.6964924e+03
   3.4275312e+03
   3.1647885e+03
   2.9089698e+03
   2.6607508e+03
   2.4207749e+03
   2.1896520e+03
   1.9679561e+03
   1.7562241e+03
   1.5549539e+03
   1.3646037e+03
   1.1855901e+03
   1.0182879e+03
   8.6302886e+02
   7.2010107e+02
   5.8974875e+02
   4.7217177e+02
   3.6752567e+02
   2.7592164e+02
   1.9742683e+02
   1.3206470e+02
   7.9815593e+01
   4.0617481e+01
   1.4366798e+01
   9.1946510e-01
   9.2048055e-02
   1.1663034e+01
   3.5374243e+01
   7.0932354e+01
   1.1801054e+02
   1.7625019e+02
   2.4526277e+02
   3.2463170e+02
   4.1391435e+02
   5.1264407e+02
   6.2033234e+02
   7.3647088e+02
   8.6053382e+02
   9.9197997e+02
   1.1302550e+03
   1.2747936e+03
   1.4250220e+03
   1.5803597e+03
   1.7402223e+03
   1.9040230e+03
   2.0711753e+03
   2.2410947e+03
   2.4132011e+03
   2.5869203e+03
   2.7616865e+03
   2.9369435e+03
   3.1121471e+03
   3.2867662e+03
   3.4602848e+03
   3.6322033e+03
   3.8020400e+03
   3.9693323e+03
   4.1336378e+03
   4.2945356e+03
   4.4516273e+03
   4.6045374e+03
   4.7529147e+03
   4.8964325e+03
   5.0347893e+03
   5.1677092e+03
   5.2949420e+03
   5.4162638e+03
   5.5314767e+03
   5.6404092e+03
   5.7429156e+03
   5.8388763e+03
   5.9281970e+03
   6.0108088e+03
   6.0866672e+03
   6.1557520e+03
   6.2180665e+03
   6.2736366e+03
   6.3225103e+03
   6.3647567e+03
   6.4004651e+03
   6.4297442e+03
   6.4527208e+03
   6.4695392e+03
   6.4803596e+03
   6.4853574e+03
   6.4847220e+03
   6.4786555e+03
   6.4673717e+03
   6.4510947e+03
   6.4300580e+03
   6.4045034e+03
   6.3746794e+03
   6.3408402e+03
   6.3032451e+03
   6.2621566e+03
   6.2178398e+03
   6.1705610e+03
   6.1205871e+03
   6.0681843e+03
   6.0136170e+03
   5.9571473e+03
   5.8990339e+03
   5.8395311e+03
   5.7788882e+03
   5.7173489e+03
   5.6551503e+03
   5.5925225e+03
   5.5296877e+03
   5.4668602e+03
   5.4042454e+03
   5.3420398e+03
   5.2804301e+03
   5.2195934e+03
   5.1596967e+03
   5.1008967e+03
   5.0433395e+03
   4.9871606e+03
   4.9324851e+03
   4.8794271e+03
   4.8280901e+03
   4.7785670e+03
   4.7309403e+03
   4.6852818e+03
   4.6416533e+03
   4.6001066e+03
   4.5606835e+03
   4.5234165e+03
   4.4883289e+03
   4.4554350e+03
   4.4247404e+03
   4.3962429e+03
   4.3699322e+03
   4.3457905e+03
   4.3237932e+03
   4.3039091e+03
   4.2861006e+03
   4.2703245e+03
   4.2565324e+03
   4.2446708e+03
   4.2346819e+03
   4.2265039e+03
   4.2200715e+03
   4.2153159e+03
   4.2121661e+03
   4.2105484e+03
   4.2103872e+03
   4.2116057e+03
   4.2141255e+03
   4.2178678e+03
   4.2227531e+03
   4.2287019e+03
   4.2356349e+03
   4.2434734e+03
   4.2521392e+03
   4.2615556e+03
   4.2716468e+03
   4.2823389e+03
   4.2935594e+03
   4.3052380e+03
   4.3173065e+03
   4.3296988e+03
   4.3423516e+03
   4.3552037e+03
   4.3681968e+03
   4.3812753e+03
   4.3943865e+03
   4.4074804e+03
   4.4205101e+03
   4.4334315e+03
   4.4462035e+03
   4.4587880e+03
   4.4711498e+03
   4.4832567e+03
   4.4950791e+03
   4.5065907e+03
   4.5177676e+03
   4.5285888e+03
   4.5390360e+03
   4.5490933e+03
   4.5587473e+03
   4.5679872e+03
   4.5768043e+03
   4.5851922e+03
   4.5931465e+03
   4.6006649e+03
   4.6077469e+03
   4.6143937e+03
   4.6206082e+03
   4.6263950e+03
   4.6317600e+03
   4.6367102e+03
   4.6412543e+03
   4.6454015e+03
   4.6491625e+03
   4.6525486e+03
   4.6555719e+03
   4.6582453e+03
   4.6605821e+03
   4.6625962e+03
   4.6643019e+03
   4.6657138e+03
   4.6668467e+03
   4.6677155e+03
   4.6683353e+03
   4.6687212e+03
