   8.7989433e+02
   4.3551609e+02
   3.9600619e+03
   3.8700990e+02
   1.6583092e+03
   4.1489710e+03
   3.4333623e+03
   2.2268521e+03
   2.1490954e+02
   1.8317355e+02
   4.4771094e+03
   1.5747851e+02
   2.2651451e+02
   2.6635122e+03
   1.0091626e+03
   4.2984295e+03
   2.9416797e+03
   4.5267170e+02
   1.1272067e+03
   2.1504172e+02
   1.7692158e+03
   4.7802433e+03
   7.0092389e+02
   2.8506218e+02
   1.3116044e+03
   9.5571059e+02
   9.9967951e+02
   2.3624047e+03
   1.3563263e+03
   3.4350900e+03
   1.2973501e+03
   4.5794410e+03
   3.5802290e+03
   4.7747113e+03
   4.5435185e+03
   8.8847283e+02
   1.5332653e+03
   3.4192213e+03
   2.4673636e+02
   4.7080582e+03
   2.8286276e+03
   3.4004540e+03
   1.3443125e+03
   1.1603052e+03
   4.5449249e+03
   2.7885356e+03
   2.8815132e+03
   1.7275415e+03
   1.3661395e+03
   1.1364037e+03
   3.3355451e+03
   1.4866825e+03
   1.6203720e+03
   4.0520602e+03
   4.4518045e+03
   2.6926010e+03
   2.2497843e+02
   3.6999544e+03
   2.2986468e+03
   4.1910937e+03
   1.2960456e+03
   3.7558637e+03
   2.4160061e+03
   1.4569198e+03
   5.4635452e+02
   2.2505057e+02
   2.6505557e+03
   5.0208001e+03
   4.9088160e+03
   4.2036791e+03
   8.6499554e+02
   3.8449403e+03
   9.0220156e+02
   3.6222133e+03
   3.3810112e+02
   3.1427335e+03
   3.9450348e+03
   3.7888277e+03
   2.0314350e+03
   2.9402851e+03
   3.7600446e+03
   9.7918646e+02
   2.3527960e+03
   2.4883586e+03
   4.4775877e+02
   3.7537116e+03
   1.2476972e+03
   1.2646878e+03
   3.3267470e+03
   2.5508597e+03
   5.6720397e+03
   5.7881442e+03
   2.8279566e+03
   1.2832257e+03
   3.5617089e+02
   4.3966170e+03
   2.2220509e+03
   2.6987460e+03
   4.9720145e+03
   3.3696514e+03
   4.3749079e+03
   1.1394277e+03
   4.2040331e+03
   3.0805196e+03
   5.4517556e+03
   2.5688984e+03
   4.7224290e+03
   2.1825965e+03
   1.9140884e+03
   1.5112181e+03
   3.2412589e+03
   5.3556752e+03
   4.5650945e+03
   5.4425957e+02
   5.4978334e+03
   1.1076120e+03
   2.8512272e+03
   2.2622848e+01
   4.9578325e+03
   2.7685817e+03
   4.1940891e+03
   1.7599750e+02
   4.5746742e+03
   1.0375043e+03
   8.6796038e+02
   6.6519106e+02
   5.1770487e+03
   3.6390010e+03
   4.4573563e+03
   1.1833476e+03
   3.3447754e+03
   5.1649291e+02
   4.6206093e+03
   4.0724543e+03
   4.6499587e+03
   4.6942320e+03
   7.2548296e+02
   2.4690410e+03
   2.7189836e+03
   5.0528746e+03
   8.4318369e+02
   2.0639082e+03
   3.2484464e+03
   2.2562278e+03
   2.6271814e+03
   3.9497577e+03
   3.2178330e+03
   3.7193964e+03
   3.5455817e+03
   3.5111687e+03
   3.0063369e+03
   5.3208949e+03
   5.4025316e+02
   2.9897766e+02
   2.7208893e+03
   2.6890080e+03
   3.4218607e+03
   5.1002608e+02
   3.1909800e+03
   4.5032188e+03
   1.1381497e+03
   3.3432205e+03
   4.3129409e+03
   3.3247459e+03
   4.9293105e+03
   4.5498391e+03
   2.8087641e+02
   1.9611479e+02
   1.6374093e+03
   3.5198507e+03
   2.8412826e+03
   2.4103279e+03
   6.8343549e+02
   4.0207044e+03
   4.4037398e+03
   4.1638992e+03
   1.7503364e+03
   1.3139676e+03
   1.6976930e+03
   2.6109713e+03
   2.1241731e+03
   3.2744634e+03
   1.1743219e+03
   3.7463486e+03
   1.4779022e+03
   4.1001999e+03
   3.3043425e+03
   1.9217443e+03
   1.1055584e+03
   4.4457343e+03
   3.1824328e+02
   9.3648012e+02
   2.4095483e+03
   2.6147864e+03
   2.5607409e+03
   3.2569785e+03
   2.3791566e+03
   2.5343953e+03
   1.0624338e+03
   1.3043475e+03
   2.2596976e+03
   3.8315147e+03
   1.1405822e+03
   2.7335850e+03
   3.6775397e+03
   3.3676685e+02
   6.6871755e+02
   2.3952457e+03
   2.0474698e+03
   2.4356728e+03
   4.9368324e+03
   4.3064264e+03
   3.2106539e+03
   4.5511281e+03
   8.7690921e+02
   4.3024523e+03
   3.8408301e+03
   4.0370895e+03
   3.7417938e+03
   2.7619012e+03
   3.4338727e+03
   3.9366535e+02
   3.0644075e+03
   4.6298408e+03
   5.6350760e+02
   1.2103889e+02
   3.3175295e+03
   5.1613110e+03
   4.2025038e+03
   3.2471135e+03
   2.1417827e+03
   3.9162474e+03
   2.1710263e+03
   1.6740468e+03
   4.6560538e+03
   5.1770292e+03
   4.0388078e+03
   3.8010478e+03
   3.0488863e+03
   2.4461665e+03
   4.1566088e+03
   3.2892299e+03
   8.7821152e+02
   4.2821958e+03
   3.1801025e+02
   1.2279542e+03
   2.4162536e+03
   2.1143082e+03
   4.0271043e+03
   2.9144505e+03
   1.9882384e+02
   2.3844382e+03
   2.4682660e+03
   3.8876182e+03
   2.5403045e+03
   1.8556583e+03
   1.6274527e+03
   3.3031071e+03
   3.6251163e+03
   6.7932675e+01
   5.3158836e+03
   6.0852294e+02
   4.2791832e+02
   9.3549556e+02
   4.0242261e+03
   3.2372630e+03
   2.9144683e+03
   1.4209962e+03
   3.9247774e+03
   1.3524874e+03
   4.8625858e+03
   2.0528564e+03
   2.9865948e+03
   1.2871845e+03
   1.6460254e+03
   5.4626098e+02
   6.0452157e+02
   3.6016829e+03
   1.6090253e+03
   4.2969814e+03
   5.3048935e+03
   1.4972397e+03
   3.0360243e+03
   3.1139049e+03
   5.5630972e+02
   2.1851335e+03
   1.9801065e+03
   6.8121223e+02
   8.5468823e+02
   1.8378467e+03
   3.5244627e+03
   3.3008562e+03
   5.0756013e+02
   4.6491114e+03
   2.7605038e+03
   4.8798832e+03
   1.2362138e+02
   1.6230166e+03
   2.7827606e+03
   2.8875223e+03
   5.0126557e+03
   1.6681690e+03
   4.9596087e+03
   4.8107419e+03
   2.5317190e+03
   5.0854756e+03
   1.0684971e+03
   1.0549535e+03
   1.5722065e+03
   4.6541857e+03
   1.7259013e+03
   2.2726587e+03
   1.2543081e+02
   1.6140365e+03
   9.1636459e+02
   2.5352659e+03
   2.7053819e+03
   8.9021603e+02
   5.2001736e+03
   5.3213354e+03
   5.0804165e+03
   3.6696812e+03
   1.0023351e+03
   1.1542172e+03
   5.3864103e+03
   3.3958836e+03
   2.6427964e+03
   3.2485779e+03
   1.9499404e+03
   2.2407809e+03
   4.4194677e+03
   3.4993907e+03
   5.9374095e+03
   9.2760413e+01
   4.4956495e+03
   4.5024110e+03
   3.3129263e+03
   4.1871768e+03
   2.6555881e+03
   3.4752714e+03
   2.6060347e+02
   4.5552305e+02
   6.0054716e+03
   1.8017820e+03
   5.0250433e+03
   3.9233130e+03
   3.0385236e+03
   3.7845432e+02
   3.7663610e+03
   1.0774929e+02
   4.3777296e+03
   1.8649074e+03
   2.1203451e+03
   3.0859649e+03
   2.0902916e+03
   2.2748436e+03
   5.4655196e+03
   5.6131001e+03
   5.5078081e+00
   4.6536781e+03
   5.0120985e+03
   2.2410151e+03
   6.0280537e+02
   1.7026198e+03
   4.2610198e+03
   3.4965521e+03
   3.2921338e+03
   1.2018201e+02
   5.5964095e+03
   9.5525570e+02
   2.3334786e+03
   4.0397876e+03
   5.1106812e+03
   3.5350546e+03
   3.1503544e+03
   5.2988750e+03
   2.4971975e+03
   4.8983818e+03
   3.9881667e+03
   2.6422803e+03
   4.6291360e+03
   4.2524230e+03
   2.1920904e+03
   3.9895470e+03
   8.6453563e+02
   8.4063289e+01
   1.2942098e+03
   3.1538496e+03
   2.0176863e+03
   4.4455964e+03
   4.8622280e+02
   6.5985180e+02
   1.0495885e+03
   4.3663767e+03
   2.4078473e+03
   5.7207322e+03
   3.2800897e+03
   3.7971153e+03
   4.4941010e+03
   4.3546110e+03
   3.0956677e+03
   5.1310837e+03
   2.3597912e+03
   3.0726385e+03
   1.7388714e+03
   1.6629596e+03
   1.9086154e+03
   4.8303841e+03
   4.4749287e+03
   3.2038306e+03
   2.1867758e+03
   1.6142590e+03
   2.8029165e+03
   8.7281858e+02
   1.4214195e+03
   1.6779209e+02
   2.6432243e+03
   3.9095592e+03
   5.1825269e+03
   2.2171005e+03
   1.2423154e+03
   3.1664840e+03
   4.8610419e+03
   3.8773788e+03
   4.5195274e+03
   4.0506843e+03
   3.2795573e+03
   2.7405481e+03
   3.0767563e+03
   6.8379707e+02
   2.5035531e+03
   2.7590068e+02
   1.5266285e+03
   1.7569713e+02
   3.1345437e+03
   1.3448889e+03
   3.0269776e+03
   1.4654508e+03
   1.4708050e+03
   4.8321357e+03
   3.9896562e+03
   4.2152210e+03
   1.8180490e+03
   8.4415009e+02
   3.4626564e+03
   1.1243830e+03
   1.6268998e+03
   4.8879120e+03
   1.9805674e+03
   3.2033197e+03
   4.5888598e+02
   5.3674311e+03
   2.8241776e+03
   2.9002774e+03
   2.5198605e+03
   1.0041060e+03
   3.1571583e+03
   9.9011439e+02
   2.4313368e+03
   4.4730768e+03
   3.9167326e+03
   1.4038252e+03
   2.9619706e+03
   5.1349663e+03
   3.9804660e+03
   2.2983249e+03
   4.6047559e+03
   1.4709885e+03
   4.1490726e+03
   4.3923247e+02
   3.7914543e+03
   1.2015043e+03
   4.1896371e+03
   3.8925553e+03
   5.2745028e+03
   2.4460342e+03
   1.8060872e+03
   2.4931884e+03
   2.9380701e+03
   1.6925613e+03
