44.301
43.124
42.314
41.676
42.077
42.886
44.39
45.844
47.178
48.665
49.578
49.954
49.331
48.28
47.135
46.727
47.456
50.112
50.603
49.521
47.94
46.243
43.338
40.286
38.084
36.8
36.304
36.259
36.724
38.662
41.17
44.123
46.188
46.696
46.943
46.946
46.868
46.706
46.238
45.485
47.013
51.291
53.48
52.85
52.14
50.981
48.483
45.563
43.848
43.213
42.978
43.298
43.825
45.139
47.137
50.071
52.133
52.325
51.702
50.369
48.606
47.034
45.618
45.163
46.716
51.57
54.607
54.373
53.827
52.813
50.658
48.097
46.624
45.955
45.873
46.402
47.127
48.554
50.778
53.576
55.66
55.551
54.446
53.038
51.896
50.445
49.319
49.286
51.534
56.647
58.905
58.719
57.845
55.769
51.801
48.496
46.762
46.151
45.659
46.126
47.382
50.259
55.383
59.288
59.29
58.565
58.14
57.252
55.885
54.448
53.527
53.043
53.725
56.986
58.855
57.7
56.041
53.108
48.802
45.076
42.991
42.298
42.086
42.208
43.504
46.39
51.779
55.518
55.148
54.199
53.868
52.932
51.716
50.655
49.833
49.756
50.826
53.794
55.312
54.114
52.536
50.006
45.831
42.446
40.217
39.142
38.767
38.85
39.784
42.303
47.242
51.27
50.853
49.586
48.937
48.211
47.313
46.729
46.326
46.396
47.428
50.166
52.082
51.075
49.957
47.998
44.384
40.94
38.902
37.782
37.473
37.607
38.575
41.213
46.442
50.569
50.344
49.43
48.64
47.991
47.325
46.963
46.421
46.618
47.619
50.681
52.807
51.805
50.769
48.829
45.484
42.139
40.399
39.882
39.829
40.402
41.652
44.575
50.127
54.703
54.666
53.056
52.087
50.348
48.737
47.505
46.382
45.816
46.666
50.751
53.618
53.03
52.216
50.89
48.464
45.975
44.219
43.384
43.176
43.618
44.422
45.788
47.929
50.615
52.796
53.264
52.689
51.747
50.479
48.941
47.117
47.305
48.716
51.661
53.317
52.275
51.176
49.726
47.186
44.296
42.4
41.603
41.17
41.148
41.696
42.477
44.075
46.795
49.253
50.239
50.247
49.08
48.082
47.195
46.364
46.045
47.314
50.973
53.459
52.729
51.533
49.433
46.034
42.816
41.265
40.533
40.526
41.005
42.009
44.838
50.311
54.795
54.568
53.841
53.384
52.436
51.22
49.992
49.362
49.505
50.572
54.068
56.12
55.335
53.962
51.764
47.864
44.791
43.424
42.909
42.628
42.918
44.198
47.301
53.481
57.958
57.304
55.827
55.053
53.952
52.678
51.837
51.185
51.2
52.304
55.639
58.066
57.141
55.978
54.103
50.107
46.654
44.976
44.56
44.474
44.98
46.188
49.384
54.982
59.489
59.559
58.387
57.604
56.882
55.557
54.779
54.13
53.979
55.068
58.368
60.489
59.666
58.442
56.406
52.31
48.816
47.044
46.535
46.376
46.89
48.015
50.956
56.496
61.254
61.272
60.579
59.892
58.899
57.647
56.66
55.85
55.603
56.633
59.673
61.705
60.794
59.265
57.367
53.376
50.035
48.33
47.641
47.6
48.009
49.098
51.684
56.947
61.055
61.884
61.677
61.276
60.418
58.924
57.676
56.735
56.209
56.748
59.05
60.455
59.106
57.715
55.905
53.403
50.653
48.648
47.919
47.414
47.503
47.94
49.24
51.286
54.185
56.917
58.369
58.661
57.837
56.4
54.599
52.966
52.402
53.01
55.983
58.087
57.393
56.518
54.76
52.181
49.396
47.491
46.534
46.065
46.166
46.76
47.915
49.876
52.892
55.736
57.251
57.265
56.319
55.503
54.276
52.838
52.238
52.773
55.676
57.884
57.276
56.04
54.222
51.336
48.363
46.629
45.956
45.682
45.95
47.115
49.411
53.387
57.372
59.243
60.112
60.566
60.03
58.451
56.689
55.45
54.454
55.09
57.804
60.445
59.463
58.137
55.752
51.725
48.343
46.511
45.91
45.906
46.303
47.437
50.359
56.151
60.492
60.3
58.43
56.865
56.131
54.696
53.092
51.774
51.141
51.542
54.53
57.924
57.61
56.933
54.885
51.066
47.514